Compliance	Volume Fraction	Max Stress	Stress Integral
1.329e-04	0.0676	9.616e+01	11.466342045165861
1.543e-05	0.1194	4.907e+02	83.46330885535228
6.190e-06	0.1516	4.969e+02	86.10091120189173
3.926e-06	0.1706	4.813e+02	83.38744078713009
3.063e-06	0.1821	4.683e+02	81.01462452506503
2.034e-06	0.1895	4.809e+02	83.64358002361246
1.747e-06	0.1935	4.639e+02	81.070365029026
1.382e-06	0.1971	4.071e+02	71.70892123108129
8.191e-07	0.2099	3.057e+02	56.464590445759065
7.635e-07	0.2091	3.001e+02	55.88513214099504
7.523e-07	0.2090	2.983e+02	55.726786495992194
6.236e-07	0.2098	2.798e+02	53.74009705650358
6.160e-07	0.2097	2.788e+02	53.63777719005049
5.233e-07	0.2100	2.604e+02	51.96348397886273
5.113e-07	0.2100	2.595e+02	51.89227864421368
4.561e-07	0.2097	2.537e+02	51.468576628206996
4.478e-07	0.2097	2.523e+02	51.29216961499295
4.038e-07	0.2094	2.477e+02	50.776049315156264
3.803e-07	0.2095	2.445e+02	50.447408764681036
3.396e-07	0.2089	2.370e+02	49.74279374053599
3.232e-07	0.2088	2.345e+02	49.49017000983511
3.042e-07	0.2084	2.300e+02	49.16374474617201
2.785e-07	0.2081	2.230e+02	48.869651286433566
2.705e-07	0.2079	2.202e+02	48.70755756197169
2.559e-07	0.2074	2.165e+02	48.59772086445231
2.438e-07	0.2071	2.107e+02	48.36095619420982
2.394e-07	0.2067	2.099e+02	48.362432731132444
2.374e-07	0.2064	2.093e+02	48.2998332468966
2.327e-07	0.2059	2.084e+02	48.24768046619156
2.286e-07	0.2060	2.074e+02	48.16688526353727
2.267e-07	0.2057	2.071e+02	48.13784880732648
2.253e-07	0.2056	2.068e+02	48.11821396472455
2.241e-07	0.2053	2.064e+02	48.09230418502536
2.232e-07	0.2051	2.061e+02	48.07997778345437
2.225e-07	0.2049	2.051e+02	48.038156363914304
2.222e-07	0.2046	2.049e+02	48.05002067472228
2.228e-07	0.2040	2.046e+02	48.039599031001664
2.239e-07	0.2032	2.048e+02	48.0730030696002
2.236e-07	0.2031	2.046e+02	48.10244935611894
2.235e-07	0.2031	2.046e+02	48.11161733727727
2.239e-07	0.2029	2.057e+02	48.20455090572771
2.262e-07	0.2019	2.063e+02	48.26571783955637
2.263e-07	0.2017	2.062e+02	48.25650343636015
2.262e-07	0.2015	2.060e+02	48.246533492767746
2.267e-07	0.2012	2.061e+02	48.25032838165942
2.269e-07	0.2011	2.061e+02	48.25240535439866
2.269e-07	0.2010	2.061e+02	48.25008419349637
2.268e-07	0.2009	2.061e+02	48.25374462788657
2.267e-07	0.2009	2.060e+02	48.2483007755759
2.267e-07	0.2009	2.060e+02	48.24874295995399
2.271e-07	0.2007	2.059e+02	48.249959610887785
2.275e-07	0.2005	2.061e+02	48.261382703972224
2.277e-07	0.2004	2.061e+02	48.260520383843485
2.281e-07	0.2002	2.060e+02	48.25925650626865
2.283e-07	0.2001	2.062e+02	48.26691539580907
2.284e-07	0.2001	2.062e+02	48.266189572680794
2.284e-07	0.2001	2.062e+02	48.26624951147616
2.285e-07	0.2001	2.062e+02	48.26506475955467
2.285e-07	0.2000	2.063e+02	48.26763274452849
2.285e-07	0.2000	2.063e+02	48.267728306166354
2.285e-07	0.2000	2.063e+02	48.26423724940786
2.286e-07	0.2000	2.064e+02	48.267271851372904
2.286e-07	0.2000	2.064e+02	48.26682572866638
2.286e-07	0.2000	2.063e+02	48.26556352552716
1.930e-07	0.2253	1.950e+02	48.04021794635862
1.816e-07	0.2256	1.950e+02	48.03867192857507
4.602e-07	0.2144	2.096e+02	49.22343039569385
2.524e-06	0.2101	2.238e+02	51.00909288820327
1.081e-05	0.2064	2.318e+02	52.391146779101504
9.864e-07	0.2056	2.335e+02	52.75074618009659
6.659e-07	0.2034	2.342e+02	52.8626534312187
5.787e-07	0.2025	2.346e+02	52.910522183282296
3.842e-07	0.2014	2.352e+02	52.96505673615712
3.145e-07	0.2008	2.354e+02	53.01129432519038
2.674e-07	0.2004	2.351e+02	53.029299131579705
2.559e-07	0.2004	2.348e+02	53.023490974642364
2.389e-07	0.2007	2.341e+02	53.02636711668642
2.370e-07	0.2007	2.340e+02	53.02592926939939
2.168e-07	0.2010	2.331e+02	53.035052540589895
2.100e-07	0.2010	2.333e+02	53.08765249056816
2.098e-07	0.2010	2.333e+02	53.08938368770646
2.071e-07	0.2011	2.334e+02	53.095727003260336
2.040e-07	0.2012	2.332e+02	53.085867316332816
2.038e-07	0.2012	2.332e+02	53.083766449789834
2.011e-07	0.2012	2.311e+02	52.84103051019194
1.963e-07	0.2013	2.205e+02	51.737273513058256
1.956e-07	0.2013	2.191e+02	51.616757768314365
1.938e-07	0.2007	2.170e+02	51.592875811021315
1.938e-07	0.2007	2.169e+02	51.58985552126326
1.931e-07	0.2007	2.164e+02	51.55488297242017
1.916e-07	0.2007	2.149e+02	51.494361010285964
1.912e-07	0.2007	2.145e+02	51.489858110187576
1.912e-07	0.2007	2.145e+02	51.49094654362619
1.896e-07	0.2008	2.126e+02	51.55113811791492
1.892e-07	0.2009	2.123e+02	51.5440820759391
1.888e-07	0.2008	2.111e+02	51.490284306043776
1.888e-07	0.2008	2.111e+02	51.49007672441406
1.886e-07	0.2008	2.111e+02	51.489452385158316
1.885e-07	0.2008	2.111e+02	51.49056019217282
1.882e-07	0.2009	2.108e+02	51.475088084475004
1.880e-07	0.2008	2.112e+02	51.50969630453043
1.880e-07	0.2008	2.113e+02	51.51599490917164
1.878e-07	0.2008	2.112e+02	51.51268174261381
1.877e-07	0.2008	2.112e+02	51.52066546517719
1.876e-07	0.2008	2.113e+02	51.528241117871076
1.876e-07	0.2007	2.113e+02	51.52888551350716
1.875e-07	0.2007	2.114e+02	51.531122592763175
1.875e-07	0.2007	2.114e+02	51.53751161611572
1.875e-07	0.2007	2.114e+02	51.537755355742846
1.874e-07	0.2006	2.112e+02	51.52887248664222
1.875e-07	0.2005	2.111e+02	51.529791404754334
1.874e-07	0.2005	2.111e+02	51.52984591559324
1.890e-07	0.2001	2.090e+02	51.43937727155725
1.880e-07	0.2000	2.107e+02	51.518016634478336
1.880e-07	0.2000	2.107e+02	51.51573186479999
1.880e-07	0.2000	2.107e+02	51.515629114488284
1.880e-07	0.2000	2.107e+02	51.51554218313621
1.880e-07	0.2000	2.107e+02	51.51270002499904
1.880e-07	0.2000	2.103e+02	51.48676619042161
1.880e-07	0.2000	2.105e+02	51.498676633905475
1.880e-07	0.2000	2.106e+02	51.50783796691785
1.880e-07	0.2000	2.106e+02	51.50783043749761
1.880e-07	0.2000	2.106e+02	51.50571126207535
1.880e-07	0.2000	2.105e+02	51.5010030362171
1.880e-07	0.2000	2.105e+02	51.500997478176345
1.880e-07	0.2000	2.105e+02	51.50099716079984
1.880e-07	0.2000	2.106e+02	51.50334775082854
1.880e-07	0.2000	2.106e+02	51.505524113042235
1.880e-07	0.2000	2.106e+02	51.5055226957541
1.880e-07	0.2000	2.106e+02	51.50451821166508
1.880e-07	0.2000	2.106e+02	51.503274333675705
1.879e-07	0.2000	2.104e+02	51.498705034866624
1.879e-07	0.2000	2.103e+02	51.493294640458295
1.879e-07	0.2000	2.103e+02	51.49047049081171
1.879e-07	0.2000	2.103e+02	51.49046769622708
1.879e-07	0.2000	2.103e+02	51.49046761683994
1.879e-07	0.2000	2.103e+02	51.49215170287517
1.879e-07	0.2000	2.103e+02	51.492783603562216
1.879e-07	0.2000	2.103e+02	51.49031869753575
1.880e-07	0.1999	2.097e+02	51.452377317227786
1.880e-07	0.2000	2.097e+02	51.45220900099298
1.880e-07	0.2000	2.097e+02	51.45216706713283
1.880e-07	0.2000	2.097e+02	51.45215659732499
1.880e-07	0.2000	2.097e+02	51.45215398184403
1.879e-07	0.2000	2.100e+02	51.47229035886764
1.879e-07	0.2000	2.102e+02	51.481475956876274
1.879e-07	0.2000	2.101e+02	51.47374583597125
1.879e-07	0.2000	2.097e+02	51.454156311054135
1.879e-07	0.2000	2.097e+02	51.454052810407546
1.879e-07	0.2000	2.097e+02	51.45401873164865
1.879e-07	0.2000	2.097e+02	51.454007489718855
1.879e-07	0.2000	2.097e+02	51.45400377890064
1.879e-07	0.2000	2.099e+02	51.46415385982808
1.879e-07	0.2000	2.100e+02	51.46899612072655
1.882e-07	0.1999	2.099e+02	51.46596520730536
1.881e-07	0.1999	2.099e+02	51.465157296182454
1.881e-07	0.2000	2.099e+02	51.464673553296954
1.880e-07	0.2000	2.099e+02	51.46438237203287
1.880e-07	0.2000	2.099e+02	51.46420654017628
1.879e-07	0.2000	2.100e+02	51.46793711299549
1.879e-07	0.2000	2.100e+02	51.46863056209754
1.879e-07	0.2000	2.100e+02	51.46886226686844
1.879e-07	0.2000	2.099e+02	51.46279161867529
1.879e-07	0.2000	2.099e+02	51.46276353822475
1.878e-07	0.2000	2.097e+02	51.45078661524341
1.878e-07	0.2000	2.095e+02	51.44062074325446
1.878e-07	0.2000	2.095e+02	51.43818780238717
1.877e-07	0.2000	2.093e+02	51.425703304088344
1.877e-07	0.2000	2.093e+02	51.42610641830201
1.877e-07	0.2000	2.094e+02	51.43218192710663
1.877e-07	0.2000	2.097e+02	51.446825012574294
1.877e-07	0.2000	2.098e+02	51.44949176115529
1.877e-07	0.2000	2.098e+02	51.44960821764946
1.877e-07	0.2000	2.099e+02	51.45543891102924
1.877e-07	0.2000	2.099e+02	51.454633317816054
1.876e-07	0.2000	2.099e+02	51.45567778910825
1.876e-07	0.2000	2.100e+02	51.459072944109806
1.876e-07	0.2000	2.100e+02	51.459036370287606
1.876e-07	0.2000	2.100e+02	51.45709990255419
1.876e-07	0.2000	2.100e+02	51.45822018426449
1.876e-07	0.2000	2.100e+02	51.45821000768411
1.876e-07	0.2000	2.100e+02	51.458206232431166
1.876e-07	0.2000	2.100e+02	51.45831910429363
1.876e-07	0.2000	2.100e+02	51.45847765858478
1.876e-07	0.2000	2.100e+02	51.458476437305755
1.876e-07	0.2000	2.100e+02	51.458476344950874
1.876e-07	0.2000	2.100e+02	51.458398281217285
1.876e-07	0.2000	2.100e+02	51.45835866769604
1.876e-07	0.2000	2.100e+02	51.45833887970163
1.876e-07	0.2000	2.100e+02	51.458328990408624
1.876e-07	0.2000	2.100e+02	51.45832404696195
1.876e-07	0.2000	2.100e+02	51.458321575531095
1.876e-07	0.2000	2.100e+02	51.45832033987433
1.876e-07	0.2000	2.100e+02	51.458319722077995
1.876e-07	0.2000	2.100e+02	51.45831941317365
1.876e-07	0.2000	2.100e+02	51.45831925868926
1.876e-07	0.2000	2.100e+02	51.45832095196057
1.876e-07	0.2000	2.100e+02	51.46167685413329
1.876e-07	0.2000	2.100e+02	51.461675837112665
1.876e-07	0.2000	2.100e+02	51.461675795359994
1.876e-07	0.2000	2.100e+02	51.45998686685673
1.876e-07	0.2000	2.100e+02	51.45915094337529
1.876e-07	0.2000	2.100e+02	51.45873521143918
1.876e-07	0.2000	2.100e+02	51.45852789831527
1.876e-07	0.2000	2.100e+02	51.458424379372964
1.876e-07	0.2000	2.100e+02	51.458372654264664
1.876e-07	0.2000	2.100e+02	51.45834680025657
1.876e-07	0.2000	2.100e+02	51.458333875429226
1.876e-07	0.2000	2.100e+02	51.45832741353444
1.876e-07	0.2000	2.100e+02	51.458058504049
1.876e-07	0.2000	2.100e+02	51.458055142023426
1.876e-07	0.2000	2.100e+02	51.45805503060169
1.876e-07	0.2000	2.100e+02	51.458199436079965
1.876e-07	0.2000	2.100e+02	51.458265048750775
1.876e-07	0.2000	2.100e+02	51.45829663773542
1.876e-07	0.2000	2.100e+02	51.45831212734392
1.876e-07	0.2000	2.100e+02	51.458319795866146
1.876e-07	0.2000	2.100e+02	51.45832361107071
1.876e-07	0.2000	2.100e+02	51.45832551386938
1.876e-07	0.2000	2.100e+02	51.458326464093716
1.876e-07	0.2000	2.100e+02	51.458326938896015
1.876e-07	0.2000	2.100e+02	51.45832717625459
1.876e-07	0.2000	2.100e+02	51.458308264516376
1.876e-07	0.2000	2.100e+02	51.458306894015884
1.876e-07	0.2000	2.100e+02	51.45830685209455
1.876e-07	0.2000	2.100e+02	51.45831655440751
1.876e-07	0.2000	2.100e+02	51.458321572708805
1.876e-07	0.2000	2.100e+02	51.458324301153276
1.876e-07	0.2000	2.100e+02	51.45832572036983
1.876e-07	0.2000	2.100e+02	51.458326443697466
1.876e-07	0.2000	2.100e+02	51.458326808808415
1.876e-07	0.2000	2.100e+02	51.45832699226206
1.876e-07	0.2000	2.100e+02	51.45832708415162
1.876e-07	0.2000	2.100e+02	51.458327130176336
1.876e-07	0.2000	2.100e+02	51.458327153203
1.876e-07	0.2000	2.100e+02	51.46059937031895
1.876e-07	0.2000	2.100e+02	51.46059859071617
1.876e-07	0.2000	2.100e+02	51.4594581535809
1.876e-07	0.2000	2.100e+02	51.458891392494685
1.876e-07	0.2000	2.100e+02	51.45860895962878
1.876e-07	0.2000	2.100e+02	51.458467978360694
1.876e-07	0.2000	2.100e+02	51.45839754629047
1.876e-07	0.2000	2.100e+02	51.458362344892926
1.876e-07	0.2000	2.100e+02	51.458344747837366
1.876e-07	0.2000	2.100e+02	51.458335950229674
1.876e-07	0.2000	2.100e+02	51.458331551615245
1.876e-07	0.2000	2.100e+02	51.45832935238815
1.876e-07	0.2000	2.100e+02	51.45836836098157
1.876e-07	0.2000	2.100e+02	51.45836833064963
1.876e-07	0.2000	2.100e+02	51.458348302728076
1.876e-07	0.2000	2.100e+02	51.458338689282094
1.876e-07	0.2000	2.100e+02	51.45833398630913
1.876e-07	0.2000	2.100e+02	51.45833166074568
1.876e-07	0.2000	2.100e+02	51.45833050441303
1.876e-07	0.2000	2.100e+02	51.45832992787291
1.876e-07	0.2000	2.100e+02	51.45832963998836
1.876e-07	0.2000	2.100e+02	51.45832949615432
1.876e-07	0.2000	2.100e+02	51.458329424270985
1.876e-07	0.2000	2.100e+02	51.45832938835176
1.876e-07	0.2000	2.100e+02	51.45873434522059
1.876e-07	0.2000	2.100e+02	51.4611876405367
1.876e-07	0.2000	2.100e+02	51.46118690325334
1.876e-07	0.2000	2.100e+02	51.45993821150686
1.876e-07	0.2000	2.100e+02	51.45933081826859
1.876e-07	0.2000	2.100e+02	51.45903124410001
1.876e-07	0.2000	2.100e+02	51.45888246353266
1.876e-07	0.2000	2.100e+02	51.45880832202329
1.876e-07	0.2000	2.100e+02	51.45877131309711
1.876e-07	0.2000	2.100e+02	51.458752823999674
1.876e-07	0.2000	2.100e+02	51.45874358331577
1.876e-07	0.2000	2.100e+02	51.458738963960506
1.877e-07	0.1999	2.099e+02	51.45394643218822
1.877e-07	0.1999	2.099e+02	51.45392639319497
1.877e-07	0.1999	2.099e+02	51.45392597511872
1.876e-07	0.2000	2.099e+02	51.45607185504693
1.876e-07	0.2000	2.100e+02	51.4573446105816
1.876e-07	0.2000	2.100e+02	51.45802721918629
1.876e-07	0.2000	2.100e+02	51.458379517323245
1.876e-07	0.2000	2.100e+02	51.45855835493515
1.876e-07	0.2000	2.100e+02	51.45864843900125
1.876e-07	0.2000	2.100e+02	51.45869364647775
1.876e-07	0.2000	2.100e+02	51.45871629148195
1.876e-07	0.2000	2.100e+02	51.458727624289665
1.876e-07	0.2000	2.100e+02	51.45873329326068
1.877e-07	0.1999	2.100e+02	51.46244192029169
1.877e-07	0.1999	2.100e+02	51.46243722072895
1.876e-07	0.2000	2.100e+02	51.46053737029083
1.876e-07	0.2000	2.100e+02	51.45963268860086
1.880e-07	0.1996	2.099e+02	51.46371508648028
1.880e-07	0.1996	2.099e+02	51.463712263802094
1.876e-07	0.1999	2.100e+02	51.461119149572646
1.876e-07	0.2000	2.100e+02	51.46032570782186
1.876e-07	0.2000	2.100e+02	51.45997065327449
1.876e-07	0.2000	2.100e+02	51.459799859235694
1.880e-07	0.1996	2.099e+02	51.46397544993808
1.880e-07	0.1996	2.099e+02	51.4639718113611
1.877e-07	0.1999	2.100e+02	51.46121104907708
1.876e-07	0.2000	2.100e+02	51.46044731522707
1.876e-07	0.2000	2.100e+02	51.46011399556259
1.876e-07	0.2000	2.100e+02	51.4599549274367
1.881e-07	0.1995	2.098e+02	51.46460034733198
1.881e-07	0.1995	2.098e+02	51.4645945843216
1.877e-07	0.1999	2.100e+02	51.46132423623384
1.876e-07	0.2000	2.100e+02	51.460564666302766
1.876e-07	0.2000	2.100e+02	51.46024794374342
1.876e-07	0.2000	2.100e+02	51.460099013834075
1.329e-04	0.0676	9.616e+01	1.147e+01
1.212e-05	0.1713	3.978e+02	6.001e+01
9.052e-06	0.1828	3.128e+02	4.856e+01
3.697e-06	0.1911	2.080e+02	3.818e+01
2.999e-06	0.1945	2.185e+02	3.683e+01
2.215e-06	0.1970	2.136e+02	3.502e+01
1.721e-06	0.1993	2.036e+02	3.318e+01
1.226e-06	0.2033	1.908e+02	3.463e+01
1.062e-06	0.2042	1.760e+02	3.361e+01
7.422e-07	0.2127	1.561e+02	3.297e+01
6.769e-07	0.2122	1.576e+02	3.296e+01
6.442e-07	0.2098	1.539e+02	3.222e+01
6.244e-07	0.2092	1.542e+02	3.203e+01
5.857e-07	0.2087	1.552e+02	3.182e+01
5.497e-07	0.2084	1.506e+02	3.170e+01
5.128e-07	0.2083	1.539e+02	3.165e+01
4.841e-07	0.2082	1.480e+02	3.151e+01
4.564e-07	0.2085	1.520e+02	3.147e+01
4.457e-07	0.2079	1.470e+02	3.141e+01
4.419e-07	0.2074	1.472e+02	3.133e+01
4.364e-07	0.2071	1.441e+02	3.126e+01
4.300e-07	0.2070	1.433e+02	3.122e+01
4.179e-07	0.2073	1.407e+02	3.120e+01
4.114e-07	0.2071	1.382e+02	3.113e+01
4.098e-07	0.2065	1.422e+02	3.113e+01
4.089e-07	0.2062	1.399e+02	3.106e+01
4.052e-07	0.2059	1.405e+02	3.100e+01
3.979e-07	0.2058	1.383e+02	3.094e+01
3.940e-07	0.2058	1.367e+02	3.092e+01
3.882e-07	0.2058	1.377e+02	3.087e+01
3.856e-07	0.2057	1.351e+02	3.084e+01
3.828e-07	0.2057	1.327e+02	3.082e+01
3.811e-07	0.2055	1.342e+02	3.080e+01
3.794e-07	0.2054	1.327e+02	3.079e+01
3.762e-07	0.2054	1.326e+02	3.076e+01
3.758e-07	0.2053	1.323e+02	3.075e+01
3.762e-07	0.2050	1.319e+02	3.070e+01
3.784e-07	0.2046	1.309e+02	3.064e+01
3.798e-07	0.2043	1.303e+02	3.061e+01
3.843e-07	0.2036	1.313e+02	3.054e+01
3.843e-07	0.2035	1.313e+02	3.054e+01
3.850e-07	0.2033	1.281e+02	3.051e+01
3.857e-07	0.2032	1.283e+02	3.050e+01
3.885e-07	0.2028	1.284e+02	3.044e+01
3.912e-07	0.2024	1.285e+02	3.038e+01
3.982e-07	0.2016	1.283e+02	3.026e+01
4.034e-07	0.2010	1.278e+02	3.018e+01
4.060e-07	0.2007	1.268e+02	3.014e+01
4.082e-07	0.2005	1.273e+02	3.010e+01
4.092e-07	0.2004	1.267e+02	3.008e+01
4.101e-07	0.2003	1.353e+02	3.013e+01
4.110e-07	0.2003	1.348e+02	3.010e+01
4.113e-07	0.2002	1.346e+02	3.009e+01
4.114e-07	0.2002	1.345e+02	3.009e+01
4.115e-07	0.2002	1.345e+02	3.009e+01
4.094e-07	0.2003	1.313e+02	3.009e+01
4.092e-07	0.2004	1.291e+02	3.008e+01
4.097e-07	0.2003	1.287e+02	3.007e+01
4.097e-07	0.2003	1.287e+02	3.007e+01
4.097e-07	0.2003	1.287e+02	3.007e+01
4.094e-07	0.2003	1.286e+02	3.007e+01
4.093e-07	0.2003	1.286e+02	3.007e+01
4.092e-07	0.2002	1.280e+02	3.006e+01
4.092e-07	0.2002	1.278e+02	3.006e+01
4.103e-07	0.2001	1.275e+02	3.004e+01
4.110e-07	0.2001	1.261e+02	3.003e+01
4.113e-07	0.2001	1.268e+02	3.002e+01
4.116e-07	0.2000	1.268e+02	3.001e+01
4.119e-07	0.2000	1.270e+02	3.001e+01
4.120e-07	0.2000	1.269e+02	3.001e+01
4.121e-07	0.2000	1.267e+02	3.000e+01
4.121e-07	0.2000	1.268e+02	3.000e+01
4.122e-07	0.2000	1.268e+02	3.000e+01
4.122e-07	0.2000	1.268e+02	3.000e+01
4.123e-07	0.2000	1.267e+02	3.000e+01
4.122e-07	0.2000	1.269e+02	3.000e+01
4.122e-07	0.2000	1.267e+02	3.000e+01
4.122e-07	0.2000	1.268e+02	3.000e+01
4.122e-07	0.2000	1.268e+02	3.000e+01
4.122e-07	0.2000	1.268e+02	3.000e+01
4.122e-07	0.2000	1.268e+02	3.000e+01
4.123e-07	0.2000	1.267e+02	3.000e+01
4.123e-07	0.2000	1.267e+02	3.000e+01
4.123e-07	0.2000	1.267e+02	3.000e+01
4.122e-07	0.2000	1.267e+02	3.000e+01
4.122e-07	0.2000	1.267e+02	3.000e+01
4.123e-07	0.2000	1.267e+02	3.000e+01
4.122e-07	0.2000	1.268e+02	3.000e+01
4.122e-07	0.2000	1.268e+02	3.000e+01
4.122e-07	0.2000	1.268e+02	3.000e+01
4.122e-07	0.2000	1.268e+02	3.000e+01
4.122e-07	0.2000	1.268e+02	3.000e+01
4.122e-07	0.2000	1.268e+02	3.000e+01
4.122e-07	0.2000	1.268e+02	3.000e+01
4.122e-07	0.2000	1.268e+02	3.000e+01
4.122e-07	0.2000	1.268e+02	3.000e+01
4.122e-07	0.2000	1.268e+02	3.000e+01
4.122e-07	0.2000	1.268e+02	3.000e+01
4.122e-07	0.2000	1.268e+02	3.000e+01
4.122e-07	0.2000	1.268e+02	3.000e+01
4.122e-07	0.2000	1.268e+02	3.000e+01
4.122e-07	0.2000	1.268e+02	3.000e+01
9.992e-07	0.2477	1.593e+02	3.949e+01
7.924e-07	0.2497	1.579e+02	3.950e+01
3.610e-07	0.2359	1.747e+02	4.222e+01
4.453e-07	0.2211	1.588e+02	3.935e+01
4.419e-07	0.2119	1.743e+02	3.868e+01
4.519e-07	0.2057	1.810e+02	3.944e+01
1.043e-06	0.1929	3.103e+02	5.182e+01
2.127e-06	0.1872	4.218e+02	8.709e+01
1.564e-06	0.1867	4.281e+02	8.337e+01
8.735e-07	0.1906	3.948e+02	7.648e+01
6.335e-07	0.1956	4.044e+02	7.782e+01
3.461e-06	0.2073	6.568e+02	1.096e+02
2.782e-06	0.1961	6.886e+02	1.126e+02
9.722e-07	0.1975	6.493e+02	1.087e+02
1.112e-06	0.1983	5.620e+02	9.636e+01
1.040e-06	0.1995	5.500e+02	9.728e+01
6.155e-07	0.2045	5.096e+02	8.801e+01
4.733e-07	0.2027	3.920e+02	7.351e+01
1.107e-06	0.2008	6.409e+02	1.086e+02
9.406e-07	0.1962	6.167e+02	1.066e+02
7.036e-07	0.1956	4.936e+02	8.804e+01
6.006e-07	0.1970	4.299e+02	7.941e+01
6.083e-07	0.1975	4.389e+02	8.051e+01
6.568e-07	0.2010	5.713e+02	9.859e+01
7.727e-07	0.1950	4.496e+02	8.149e+01
5.878e-07	0.1989	4.953e+02	8.732e+01
4.922e-07	0.1944	3.841e+02	7.282e+01
3.927e-07	0.1949	3.214e+02	6.716e+01
7.553e-07	0.1928	3.124e+02	6.553e+01
9.310e-07	0.2012	3.215e+02	6.430e+01
6.470e-07	0.2014	2.805e+02	6.271e+01
5.183e-07	0.2088	3.739e+02	6.272e+01
7.032e-07	0.1936	5.293e+02	9.210e+01
5.080e-07	0.1970	3.537e+02	6.937e+01
4.949e-07	0.1983	3.186e+02	6.637e+01
5.062e-07	0.1989	3.192e+02	6.498e+01
5.251e-07	0.1991	3.238e+02	6.447e+01
3.838e-07	0.2040	3.154e+02	6.543e+01
6.946e-07	0.2020	4.253e+02	8.055e+01
7.092e-07	0.2029	4.309e+02	8.164e+01
4.168e-07	0.2035	2.869e+02	6.182e+01
4.931e-07	0.1950	3.702e+02	6.455e+01
6.282e-07	0.1963	3.689e+02	6.265e+01
6.042e-07	0.1972	3.660e+02	6.245e+01
3.945e-07	0.2007	3.449e+02	6.282e+01
1.446e-06	0.1993	4.195e+02	8.056e+01
2.419e-06	0.1991	4.365e+02	8.098e+01
6.062e-07	0.2005	4.091e+02	7.760e+01
4.427e-07	0.2007	3.044e+02	6.251e+01
3.956e-07	0.1990	3.442e+02	6.319e+01
4.755e-07	0.1968	3.672e+02	6.383e+01
3.971e-07	0.2001	3.331e+02	6.203e+01
5.217e-07	0.1995	2.896e+02	5.947e+01
2.538e-06	0.1977	4.588e+02	8.348e+01
2.159e-06	0.1997	4.429e+02	7.879e+01
2.210e-06	0.1995	4.454e+02	7.932e+01
8.313e-07	0.1997	3.802e+02	6.745e+01
5.871e-07	0.1999	3.213e+02	6.000e+01
5.350e-07	0.1998	3.030e+02	5.910e+01
2.175e-05	0.1855	4.086e+02	7.673e+01
4.171e-05	0.1860	4.235e+02	8.030e+01
1.429e-06	0.1953	3.369e+02	6.153e+01
6.764e-07	0.1988	3.077e+02	5.920e+01
5.671e-07	0.1996	3.021e+02	5.868e+01
9.441e-06	0.1954	9.772e+02	1.640e+02
4.831e-05	0.1966	1.679e+03	2.887e+02
2.590e-06	0.1984	6.041e+02	9.032e+01
9.613e-07	0.1994	3.609e+02	5.892e+01
6.791e-07	0.1996	3.128e+02	5.770e+01
1.278e-06	0.1989	3.580e+02	6.126e+01
1.355e-06	0.1990	3.664e+02	6.158e+01
9.018e-07	0.1995	3.241e+02	5.686e+01
6.753e-06	0.2008	6.135e+02	9.566e+01
3.914e-06	0.2001	6.338e+02	1.041e+02
1.636e-06	0.1997	4.866e+02	8.111e+01
8.916e-07	0.1995	3.138e+02	5.830e+01
8.325e-07	0.1995	3.050e+02	5.677e+01
8.765e-07	0.1996	3.142e+02	5.626e+01
1.011e-06	0.1983	3.577e+02	6.420e+01
1.060e-05	0.1986	7.386e+02	1.456e+02
7.816e-07	0.1991	2.989e+02	5.630e+01
9.381e-07	0.1987	3.273e+02	6.160e+01
8.480e-07	0.1988	3.193e+02	5.840e+01
8.558e-07	0.1988	3.200e+02	5.866e+01
6.999e-07	0.1989	3.050e+02	5.552e+01
1.964e-06	0.1990	4.191e+02	5.816e+01
5.809e-05	0.1969	4.210e+02	6.944e+01
9.042e-07	0.1993	3.374e+02	5.381e+01
1.180e-06	0.1995	3.497e+02	5.331e+01
2.141e-06	0.2001	3.087e+02	4.958e+01
1.370e-06	0.2004	3.115e+02	5.882e+01
2.229e-06	0.2014	3.281e+02	6.235e+01
1.625e-06	0.2004	2.651e+02	5.227e+01
7.112e-07	0.1969	3.042e+02	5.784e+01
5.958e-07	0.1944	3.295e+02	6.023e+01
9.202e-07	0.1994	2.553e+02	5.403e+01
1.137e-06	0.2001	2.551e+02	5.252e+01
6.505e-07	0.1966	2.739e+02	5.264e+01
6.767e-07	0.1917	2.602e+02	5.387e+01
1.878e-06	0.1881	3.667e+02	5.690e+01
1.978e-05	0.1903	1.640e+03	2.101e+02
5.868e-07	0.1912	2.438e+02	5.284e+01
5.256e-07	0.1902	2.702e+02	5.460e+01
5.183e-07	0.1908	2.646e+02	5.413e+01
5.180e-07	0.1909	2.633e+02	5.404e+01
4.983e-07	0.1913	2.676e+02	5.329e+01
1.329e-06	0.1905	3.044e+02	5.962e+01
1.814e-06	0.1906	3.477e+02	6.637e+01
5.216e-07	0.1916	2.188e+02	5.132e+01
5.630e-07	0.1889	2.399e+02	5.283e+01
1.312e-06	0.1877	2.302e+02	5.174e+01
9.835e-07	0.1899	3.041e+02	5.419e+01
4.585e-07	0.1913	2.317e+02	5.147e+01
8.827e-07	0.1899	3.719e+02	5.701e+01
7.795e-06	0.1886	1.488e+03	2.088e+02
4.613e-07	0.1914	2.827e+02	5.172e+01
5.580e-07	0.1942	3.140e+02	6.041e+01
6.493e-07	0.1937	3.227e+02	6.148e+01
4.729e-07	0.1932	2.504e+02	5.165e+01
3.985e-07	0.1950	2.570e+02	5.088e+01
3.802e-06	0.1921	3.535e+02	6.496e+01
3.785e-06	0.1922	3.549e+02	6.523e+01
6.033e-07	0.1943	2.469e+02	5.256e+01
4.502e-07	0.1951	2.346e+02	4.996e+01
3.573e-06	0.1934	4.220e+02	5.689e+01
3.625e-06	0.1935	4.435e+02	5.868e+01
8.974e-07	0.1946	2.916e+02	5.028e+01
5.272e-07	0.1951	2.390e+02	4.915e+01
3.180e-06	0.1951	3.873e+02	7.418e+01
4.150e-06	0.1947	3.727e+02	6.982e+01
4.089e-06	0.1946	3.735e+02	7.003e+01
1.065e-06	0.1952	2.845e+02	5.327e+01
6.773e-07	0.1954	2.240e+02	4.796e+01
5.413e-06	0.1971	7.386e+02	9.541e+01
7.228e-05	0.1974	2.138e+03	2.797e+02
1.056e-06	0.1966	2.436e+02	4.906e+01
7.731e-07	0.1960	2.207e+02	4.696e+01
1.964e-05	0.1970	1.955e+03	2.835e+02
2.529e-05	0.1968	2.169e+03	2.893e+02
5.149e-06	0.1967	7.840e+02	1.080e+02
1.444e-06	0.1964	3.125e+02	5.015e+01
9.488e-07	0.1962	2.425e+02	4.681e+01
1.937e-06	0.1961	3.017e+02	6.346e+01
6.047e-04	0.1951	4.342e+02	7.657e+01
1.209e-06	0.1965	2.433e+02	4.963e+01
1.013e-06	0.1965	2.206e+02	4.691e+01
9.640e-07	0.1964	2.289e+02	4.660e+01
6.666e-06	0.1957	2.920e+02	5.490e+01
2.642e-05	0.1961	4.102e+02	7.064e+01
1.790e-06	0.1967	2.345e+02	4.766e+01
1.127e-06	0.1966	2.268e+02	4.660e+01
1.005e-06	0.1965	2.200e+02	4.633e+01
1.403e-05	0.1967	4.127e+02	5.368e+01
1.619e-05	0.1966	4.659e+02	5.659e+01
3.173e-06	0.1967	3.432e+02	4.870e+01
1.614e-06	0.1967	2.563e+02	4.607e+01
1.684e-04	0.1980	1.273e+03	1.504e+02
1.995e-04	0.1972	1.358e+03	1.614e+02
1.135e-05	0.1972	5.147e+02	6.285e+01
3.273e-06	0.1969	2.962e+02	4.645e+01
2.131e-06	0.1968	2.618e+02	4.584e+01
2.635e-06	0.1971	3.207e+02	5.877e+01
9.718e-05	0.1979	3.345e+02	6.379e+01
2.188e-06	0.1970	2.612e+02	4.946e+01
2.118e-06	0.1969	2.304e+02	4.627e+01
2.114e-06	0.1969	2.372e+02	4.567e+01
1.161e-06	0.1952	3.234e+02	6.068e+01
1.430e-06	0.1962	2.886e+02	5.401e+01
8.778e-07	0.1962	2.806e+02	5.364e+01
4.846e-07	0.1973	2.709e+02	5.167e+01
1.328e-06	0.1965	2.709e+02	5.124e+01
1.570e-06	0.1968	2.329e+02	4.674e+01
1.786e-06	0.1969	2.200e+02	4.573e+01
6.211e-07	0.1903	3.021e+02	5.234e+01
6.209e-07	0.1905	2.989e+02	5.217e+01
6.629e-07	0.1947	2.407e+02	4.762e+01
6.214e-05	0.1949	3.792e+02	5.532e+01
2.619e-04	0.1951	3.840e+02	5.482e+01
2.603e-04	0.1949	3.840e+02	5.487e+01
2.663e-06	0.1944	3.121e+02	4.705e+01
9.928e-07	0.1948	2.228e+02	4.644e+01
1.023e-05	0.1978	7.104e+02	8.762e+01
6.409e-05	0.1958	5.589e+02	6.622e+01
7.146e-05	0.1960	6.047e+02	6.945e+01
5.539e-06	0.1961	5.463e+02	7.289e+01
1.271e-06	0.1953	2.582e+02	4.619e+01
9.129e-07	0.1970	2.235e+02	4.548e+01
6.185e-04	0.2000	2.154e+03	2.360e+02
9.254e-05	0.1981	2.299e+03	2.738e+02
3.318e-05	0.1979	1.435e+03	1.760e+02
2.546e-06	0.1973	2.861e+02	4.630e+01
1.191e-06	0.1971	2.214e+02	4.491e+01
6.233e-05	0.1959	3.307e+02	5.237e+01
8.838e-04	0.1977	3.518e+02	6.599e+01
4.455e-06	0.1966	2.614e+02	4.420e+01
5.754e-06	0.1961	2.524e+02	5.129e+01
9.459e-06	0.1965	2.396e+02	5.208e+01
3.582e-06	0.1964	2.404e+02	4.640e+01
3.472e-06	0.1965	2.249e+02	4.482e+01
7.420e-07	0.1986	2.523e+02	4.670e+01
3.581e-06	0.1987	2.608e+02	4.481e+01
7.038e-07	0.1987	2.376e+02	4.873e+01
7.790e-07	0.1991	2.265e+02	4.494e+01
6.671e-06	0.1999	2.746e+02	4.525e+01
3.115e-04	0.2013	2.963e+02	5.286e+01
1.507e-06	0.1995	2.656e+02	4.462e+01
2.438e-06	0.1996	2.516e+02	4.632e+01
1.885e-04	0.2002	2.389e+02	4.689e+01
1.657e-06	0.1996	2.344e+02	4.495e+01
1.545e-06	0.1996	2.202e+02	4.430e+01
9.531e-05	0.2009	2.339e+02	4.616e+01
1.079e-02	0.2043	1.304e+03	1.611e+02
1.337e-05	0.2000	2.675e+02	4.386e+01
4.211e-06	0.1997	2.550e+02	4.356e+01
1.124e-05	0.2000	1.866e+02	4.228e+01
6.541e-06	0.1998	2.100e+02	4.200e+01
1.454e-04	0.2020	2.129e+03	2.525e+02
5.376e-04	0.2034	1.895e+03	2.303e+02
5.391e-04	0.2034	1.899e+03	2.307e+02
2.044e-05	0.2001	3.311e+02	4.931e+01
5.671e-06	0.1998	1.844e+02	4.226e+01
2.156e-06	0.2002	2.965e+02	4.416e+01
1.155e-06	0.2005	2.331e+02	4.360e+01
3.647e-06	0.2005	2.191e+02	4.150e+01
9.366e-06	0.2006	2.766e+02	4.916e+01
7.540e-04	0.2032	3.702e+02	5.972e+01
4.923e-06	0.2004	2.051e+02	4.295e+01
4.188e-06	0.2004	1.801e+02	4.139e+01
3.809e-06	0.2011	3.085e+02	4.570e+01
2.336e-05	0.2020	1.711e+03	2.178e+02
2.354e-06	0.2006	2.068e+02	4.198e+01
1.423e-05	0.2008	3.591e+02	4.741e+01
4.370e-05	0.2029	4.315e+02	7.553e+01
5.117e-06	0.2006	2.607e+02	4.170e+01
3.320e-06	0.2005	2.225e+02	4.124e+01
9.854e-06	0.2011	2.246e+02	4.749e+01
4.593e-04	0.2039	5.537e+02	8.676e+01
4.662e-06	0.2007	2.109e+02	4.195e+01
3.710e-06	0.2006	2.141e+02	4.090e+01
9.558e-05	0.2013	7.002e+02	7.234e+01
2.210e-03	0.2051	1.050e+03	1.632e+02
1.866e-05	0.2007	2.505e+02	4.185e+01
7.212e-06	0.2006	1.886e+02	4.066e+01
2.829e-04	0.2016	3.353e+02	4.565e+01
3.877e-03	0.2039	7.468e+02	1.120e+02
5.798e-05	0.2009	3.018e+02	4.206e+01
2.533e-05	0.2007	2.658e+02	4.096e+01
1.351e-05	0.2006	2.221e+02	4.045e+01
9.757e-06	0.2006	2.033e+02	4.047e+01
8.353e-06	0.2006	1.954e+02	4.055e+01
7.752e-06	0.2006	1.919e+02	4.060e+01
7.475e-06	0.2006	1.902e+02	4.063e+01
7.342e-06	0.2006	1.894e+02	4.064e+01
1.033e-04	0.2015	2.955e+02	4.644e+01
1.692e-02	0.2050	3.952e+02	6.539e+01
2.739e-05	0.2009	2.086e+02	4.053e+01
1.391e-05	0.2007	2.004e+02	4.003e+01
9.995e-06	0.2006	1.952e+02	4.025e+01
8.537e-06	0.2006	1.924e+02	4.043e+01
7.909e-06	0.2006	1.909e+02	4.053e+01
7.618e-06	0.2006	1.902e+02	4.058e+01
7.478e-06	0.2006	1.898e+02	4.061e+01
7.410e-06	0.2006	1.896e+02	4.063e+01
7.376e-06	0.2006	1.895e+02	4.063e+01
7.359e-06	0.2006	1.895e+02	4.064e+01
5.057e-05	0.2015	2.930e+02	4.475e+01
5.914e-03	0.2054	4.195e+02	6.631e+01
1.679e-05	0.2008	2.118e+02	4.071e+01
1.072e-05	0.2007	1.892e+02	4.000e+01
6.084e-04	0.2021	2.434e+02	4.806e+01
2.548e-02	0.2060	5.030e+02	8.879e+01
8.199e-05	0.2010	1.914e+02	4.262e+01
3.556e-05	0.2007	2.002e+02	4.001e+01
2.013e-05	0.2007	1.961e+02	3.969e+01
1.951e-03	0.2022	3.950e+02	6.720e+01
1.096e-02	0.2072	1.067e+03	2.062e+02
1.641e-04	0.2008	3.716e+02	4.305e+01
4.309e-05	0.2006	2.800e+02	3.961e+01
1.940e-04	0.2009	2.481e+02	3.902e+01
1.302e-05	0.2016	2.201e+02	4.032e+01
2.971e-05	0.2007	2.011e+02	4.424e+01
3.639e-05	0.2009	2.122e+02	3.866e+01
3.014e-05	0.2006	2.277e+02	4.078e+01
1.897e-05	0.2007	1.794e+02	3.966e+01
2.855e-05	0.2007	2.189e+02	3.819e+01
4.817e-05	0.2005	1.906e+02	4.152e+01
4.118e-04	0.2015	3.981e+02	5.996e+01
3.303e-05	0.2005	1.881e+02	3.809e+01
3.029e-05	0.2003	2.333e+02	3.878e+01
2.912e-05	0.2004	1.719e+02	3.766e+01
2.316e-02	0.1952	3.193e+02	6.069e+01
3.544e-05	0.2017	1.723e+03	2.827e+02
5.079e-05	0.2009	1.341e+03	2.245e+02
5.467e-05	0.2006	8.471e+02	1.404e+02
5.509e-05	0.2004	6.517e+02	1.010e+02
1.545e-04	0.2016	6.886e+02	1.383e+02
1.546e-04	0.2016	6.886e+02	1.383e+02
7.979e-06	0.2086	7.182e+02	1.155e+02
2.778e-06	0.2053	5.817e+02	8.923e+01
1.599e-06	0.2030	4.977e+02	7.606e+01
3.759e-03	0.1942	2.492e+03	3.537e+02
9.702e-06	0.2068	3.881e+02	6.311e+01
2.622e+04	0.2057	1.494e+03	3.407e+02
8.546e-01	0.2087	3.572e+03	7.377e+02
4.405e-01	0.2064	6.182e+02	1.179e+02
2.703e-05	0.2065	3.824e+02	6.198e+01
1.239e-01	0.2073	1.128e+03	1.831e+02
1.371e-01	0.2072	2.366e+03	4.524e+02
9.976e-05	0.2063	3.781e+02	6.088e+01
2.939e-05	0.1849	1.742e+03	2.656e+02
2.106e-05	0.1922	1.812e+03	2.875e+02
3.283e-06	0.1975	1.038e+03	1.608e+02
1.924e-06	0.1987	7.890e+02	1.176e+02
1.288e-06	0.1995	6.690e+02	9.866e+01
9.378e-07	0.2009	5.921e+02	8.853e+01
6.418e-07	0.2010	4.691e+02	7.219e+01
5.451e-07	0.2005	4.384e+02	6.894e+01
4.759e-07	0.1986	3.783e+02	6.411e+01
1.403e-06	0.1924	4.211e+02	6.957e+01
1.688e-06	0.1929	4.059e+02	6.748e+01
2.091e-06	0.1926	3.686e+02	6.499e+01
2.565e-06	0.1925	3.451e+02	6.376e+01
1.866e-06	0.1927	3.323e+02	6.362e+01
1.853e-06	0.1927	3.320e+02	6.361e+01
1.852e-06	0.1927	3.317e+02	6.360e+01
2.128e-06	0.1916	3.692e+02	6.149e+01
1.141e-01	0.1828	1.445e+03	2.506e+02
9.721e-05	0.1903	2.785e+02	5.972e+01
3.293e-05	0.1855	3.387e+02	6.242e+01
5.994e+04	0.1819	1.664e+03	2.809e+02
5.886e+04	0.1815	1.690e+03	2.845e+02
5.309e+04	0.1849	7.492e+02	1.292e+02
1.259e+00	0.1860	3.791e+02	7.314e+01
6.616e-04	0.1861	3.106e+02	6.077e+01
1.495e-04	0.1872	3.009e+02	5.964e+01
1.049e-04	0.1916	2.510e+02	5.576e+01
9.248e-05	0.1922	2.895e+02	5.730e+01
2.761e-05	0.1940	2.692e+02	5.533e+01
1.734e-05	0.1956	2.558e+02	5.945e+01
1.650e-05	0.1956	2.546e+02	5.942e+01
1.645e-05	0.1957	2.545e+02	5.939e+01
5.952e-06	0.1968	2.599e+02	5.749e+01
1.729e-06	0.1964	3.054e+02	6.094e+01
1.413e-06	0.1984	2.345e+02	5.587e+01
1.570e-06	0.1986	2.874e+02	5.717e+01
1.638e-06	0.1986	2.895e+02	5.740e+01
1.275e-06	0.1988	2.610e+02	5.508e+01
1.179e-06	0.1967	2.349e+02	5.439e+01
7.450e+00	0.1960	1.160e+03	1.794e+02
1.180e-06	0.1967	2.348e+02	5.434e+01
1.156e-04	0.1953	7.730e+02	1.181e+02
1.858e-03	0.1922	1.821e+03	2.931e+02
1.458e-06	0.1960	3.556e+02	6.042e+01
1.180e-06	0.1969	2.384e+02	5.299e+01
1.260e-03	0.1994	9.984e+02	1.528e+02
1.481e-03	0.1952	1.511e+03	2.349e+02
7.925e-06	0.1977	3.838e+02	6.267e+01
1.256e-06	0.1978	3.334e+02	5.728e+01
1.112e-06	0.1974	3.092e+02	5.608e+01
1.104e-06	0.1974	3.082e+02	5.596e+01
1.104e-06	0.1974	3.082e+02	5.595e+01
1.032e-04	0.1969	2.305e+02	5.223e+01
5.077e-06	0.2000	4.401e+02	7.326e+01
2.162e-06	0.2002	3.455e+02	6.360e+01
2.160e-06	0.2002	3.453e+02	6.358e+01
9.577e-07	0.2006	2.491e+02	5.676e+01
9.569e-07	0.2006	2.490e+02	5.676e+01
7.069e-07	0.2015	3.127e+02	6.235e+01
7.038e-07	0.2015	3.115e+02	6.217e+01
6.677e-07	0.2012	2.910e+02	5.932e+01
6.138e-07	0.2006	2.256e+02	5.380e+01
5.009e-06	0.1928	6.064e+02	9.624e+01
1.649e-06	0.1925	6.437e+02	9.885e+01
8.274e-07	0.1983	3.237e+02	6.382e+01
5.433e-07	0.2001	2.327e+02	5.543e+01
4.864e-07	0.2001	2.244e+02	5.291e+01
4.964e-07	0.1993	2.194e+02	5.078e+01
2.648e-06	0.1996	3.397e+02	6.162e+01
2.574e+01	0.1982	4.460e+02	6.960e+01
5.171e-07	0.1997	3.334e+02	6.240e+01
4.720e-07	0.1996	2.762e+02	5.520e+01
4.678e-07	0.1996	2.669e+02	5.415e+01
4.806e-07	0.1992	2.146e+02	5.062e+01
4.814e-07	0.1992	2.153e+02	5.060e+01
3.661e-03	0.1971	6.653e+02	1.255e+02
1.661e-02	0.1984	1.509e+03	2.712e+02
6.076e-06	0.1977	7.126e+02	1.047e+02
9.220e-07	0.1985	3.389e+02	5.730e+01
5.724e-07	0.1990	2.404e+02	5.093e+01
5.064e-07	0.1991	2.268e+02	5.043e+01
1.685e+00	0.1991	4.264e+02	8.183e+01
7.029e+01	0.2002	1.026e+03	1.762e+02
2.530e-05	0.1981	3.867e+02	5.253e+01
1.117e-06	0.1983	2.826e+02	5.029e+01
1.632e-05	0.2005	2.690e+02	5.390e+01
6.553e-02	0.2044	3.149e+02	5.863e+01
3.556e-06	0.1993	2.272e+02	5.013e+01
9.134e-06	0.2000	3.435e+02	5.182e+01
2.541e-03	0.2018	3.700e+02	5.209e+01
6.026e-06	0.1996	2.959e+02	5.013e+01
4.700e-06	0.1994	2.573e+02	4.928e+01
4.862e+02	0.2092	3.171e+03	5.924e+02
4.866e+02	0.2121	3.347e+03	6.431e+02
1.510e-01	0.2039	3.523e+02	5.022e+01
6.519e-04	0.2012	3.166e+02	4.959e+01
4.893e-05	0.2001	2.902e+02	4.935e+01
1.444e-05	0.1997	2.745e+02	4.916e+01
1.430e-05	0.1997	2.527e+02	4.899e+01
1.438e-05	0.1997	2.528e+02	4.899e+01
1.459e-05	0.1997	2.504e+02	4.894e+01
7.450e-01	0.2035	4.129e+02	7.968e+01
8.311e-01	0.2034	4.361e+02	7.217e+01
8.525e-01	0.2034	4.354e+02	7.281e+01
1.549e-03	0.2027	3.620e+02	5.569e+01
5.990e-05	0.2009	3.078e+02	5.047e+01
1.940e-05	0.2000	2.663e+02	4.880e+01
6.299e-05	0.2013	3.399e+02	6.084e+01
3.720e-02	0.2019	3.323e+02	6.255e+01
3.501e-05	0.2005	3.383e+02	5.971e+01
2.974e-05	0.2002	3.103e+02	5.585e+01
2.447e-05	0.2001	2.572e+02	5.057e+01
2.161e-05	0.2000	2.276e+02	4.899e+01
2.039e-05	0.2000	2.475e+02	4.875e+01
2.180e-05	0.2000	2.529e+02	4.870e+01
1.106e-02	0.2019	1.785e+03	2.485e+02
1.678e-02	0.2019	1.829e+03	2.468e+02
2.561e-03	0.2019	1.479e+03	1.954e+02
1.613e-04	0.2010	3.380e+02	5.376e+01
3.767e-05	0.2003	2.590e+02	4.894e+01
2.640e-05	0.2001	2.540e+02	4.865e+01
8.293e-01	0.1996	7.693e+02	1.171e+02
6.191e-01	0.2003	4.257e+02	8.380e+01
6.329e-01	0.2002	4.310e+02	8.443e+01
5.845e-03	0.2004	6.271e+02	7.693e+01
1.487e-04	0.2004	3.509e+02	5.220e+01
5.111e-05	0.2002	2.715e+02	4.892e+01
3.536e-05	0.2001	2.486e+02	4.850e+01
2.183e-02	0.1978	1.630e+03	2.787e+02
7.906e-01	0.1983	9.991e+02	1.713e+02
6.811e-01	0.1983	1.115e+03	1.888e+02
3.618e-03	0.1995	1.448e+03	2.204e+02
2.855e-04	0.2001	3.274e+02	5.190e+01
6.250e-05	0.2002	2.215e+02	4.838e+01
2.850e-05	0.2010	1.801e+03	2.868e+02
4.052e-01	0.2063	3.475e+02	5.524e+01
4.052e-01	0.2063	3.475e+02	5.524e+01
8.575e-01	0.2082	6.640e+02	1.253e+02
1.785e-03	0.2067	3.475e+02	5.246e+01
2.090e+02	0.1984	8.761e+02	1.399e+02
1.005e-02	0.2032	3.545e+02	5.030e+01
1.640e-04	0.2024	4.347e+02	5.935e+01
1.640e-04	0.2024	4.347e+02	5.935e+01
1.640e-04	0.2024	4.347e+02	5.935e+01
1.640e-04	0.2024	4.347e+02	5.935e+01
1.640e-04	0.2024	4.347e+02	5.935e+01
4.158e+00	0.2001	6.376e+02	1.231e+02
4.158e+00	0.2001	6.376e+02	1.231e+02
2.124e-01	0.2001	4.317e+02	6.135e+01
1.615e-04	0.2020	4.347e+02	5.933e+01
1.627e-04	0.2024	4.347e+02	5.934e+01
1.634e-04	0.2024	4.347e+02	5.934e+01
1.637e-04	0.2024	4.347e+02	5.934e+01
1.639e-04	0.2024	4.347e+02	5.935e+01
1.639e-04	0.2024	4.347e+02	5.935e+01
6.822e-01	0.2043	4.328e+02	5.813e+01
1.390e-02	0.2038	4.350e+02	5.697e+01
2.669e+03	0.2102	2.208e+03	3.459e+02
2.602e+03	0.2102	2.152e+03	3.373e+02
2.870e+03	0.2094	2.109e+03	3.272e+02
2.541e+03	0.2060	2.672e+03	4.227e+02
1.916e+03	0.2055	2.459e+03	3.855e+02
5.743e+02	0.2036	1.511e+03	2.949e+02
4.515e+02	0.2029	1.311e+03	2.104e+02
4.117e+02	0.2028	1.227e+03	2.022e+02
3.957e+02	0.2027	1.185e+03	1.982e+02
1.340e+02	0.2017	1.107e+03	1.942e+02
4.262e+02	0.2012	9.834e+02	1.743e+02
4.263e+02	0.2012	9.805e+02	1.739e+02
4.722e+02	0.2012	9.630e+02	1.722e+02
1.426e+03	0.2007	3.538e+03	5.676e+02
5.492e+02	0.2005	2.802e+03	5.014e+02
